331.668 213.007 
335.604 258.605 
341.638 303.128 
349.337 344.432 
362.354 387.545 
383.253 423.757 
412.489 452.817 
444.291 475.424 
480.778 479.823 
518.714 471.293 
551.826 446.283 
580.935 417.007 
602.71 382.051 
615.167 341.462 
621.951 296.905 
625.84 251.674 
629.03 204.191 
346.981 203.396 
366.158 178.353 
393.476 169.558 
422.428 170.802 
451.653 177.654 
498.222 176.655 
526.644 166.209 
556.059 162.642 
584.882 170.169 
604.887 193.34 
474.54 204.123 
474.486 234.316 
474.237 262.895 
474.062 292.933 
440.874 314.551 
456.724 317.977 
473.798 321.609 
491.109 315.893 
507.35 311.164 
381.734 212.287 
397.979 202.367 
416.472 200.459 
432.727 212.844 
416.101 216.37 
397.855 217.657 
519.906 209.871 
536.803 197.382 
555.31 197.209 
572.148 206.011 
556.431 213.1 
537.838 213.015 
413.105 369.281 
436.354 360.903 
458.425 354.482 
474.558 359.747 
491.647 352.934 
515.378 357.453 
542.716 363.458 
517.332 382.272 
494.763 390.951 
476.849 393.673 
459.46 392.479 
437.151 385.487 
423.17 371.113 
458.197 372.215 
474.766 374.451 
492.299 370.186 
534.367 365.564 
493.23 367.845 
475.923 371.254 
459.395 369.363 

