459.414 243.161 
460.862 274.334 
465.078 305.426 
471.064 334.731 
480.413 364.405 
495.496 389.895 
515.946 409.917 
537.476 426.61 
563.854 431.996 
591.725 429.266 
617.172 414.522 
639.635 393.676 
656.506 367.43 
666.58 335.464 
670.556 300.145 
672.289 263.628 
671.442 227.617 
462.285 219.023 
474.835 205.532 
492.625 204.84 
509.977 210.105 
526.534 218.42 
562.362 216.121 
581.22 206.028 
601.664 201.764 
621.766 204.021 
638.77 216.79 
547.271 239.952 
547.385 261.724 
547.331 283.16 
547.482 305.651 
527.405 320.593 
538.777 323.143 
550.817 325.097 
563.536 321.96 
575.738 320.185 
483.422 239.936 
495.609 234.515 
508.797 235.361 
520.703 246.529 
507.864 247.812 
494.409 246.94 
580.758 245.312 
593.209 234.314 
606.589 232.614 
619.756 238.199 
608.293 244.908 
594.689 246.232 
515.97 360.299 
529.835 353.875 
543.528 349.126 
553.482 353.141 
564.692 349.172 
583.388 353.457 
604.125 358.707 
586.086 371.773 
568.219 379.276 
556.18 380.604 
545.204 378.917 
531.007 371.912 
521.875 361.321 
543.821 363.103 
554.189 364.891 
565.773 362.377 
597.969 358.74 
566.463 361.609 
554.825 362.909 
544.441 361.064 

