332.394 167.137 
333.471 182.174 
335.445 197.041 
338.612 211.805 
344.302 224.902 
351.08 236.199 
358.702 247.03 
367.451 256.471 
378.529 259.492 
390.645 259.351 
402.09 254.017 
412.856 245.723 
421.649 234.367 
427.472 219.949 
430.973 203.604 
433.765 186.534 
435.192 168.596 
333.33 153.366 
340.717 149.922 
349.161 151.601 
357.303 154.28 
364.921 159.744 
391.544 161.403 
400.074 156.756 
409.135 155.24 
418.749 155.211 
427.024 159.575 
377.861 174.952 
377.543 186.758 
377.11 198.631 
376.625 210.401 
367.714 213.852 
372.179 216.353 
377.134 218.69 
382.122 217.036 
387.014 215.69 
343.063 169.708 
349.347 166.45 
357.43 168.412 
363.877 176.765 
355.737 177.935 
347.851 176.206 
394.223 179.202 
401.105 171.883 
409.539 171.08 
416.579 175.572 
410.348 180.824 
402.053 181.272 
358.242 229.129 
365.823 228.834 
372.462 228.284 
377.384 230.243 
382.41 228.882 
389.823 230.108 
398.226 231.467 
390.234 239.065 
382.621 242.391 
377.056 242.41 
371.603 241.196 
364.901 236.875 
360.951 230.717 
372.234 234.134 
377.311 235.339 
382.597 234.841 
395.125 232.107 
382.264 234.138 
377.09 234.436 
371.969 233.248 

