390.678 197.481 
389.757 213.52 
389.209 229.719 
389.809 244.914 
392.924 258.364 
399.17 270.624 
408.229 280.881 
418.614 289.358 
430.783 293.452 
442.519 293.637 
452.686 288.992 
460.879 281.166 
467.099 270.272 
471.923 256.898 
475.32 242.009 
478.725 226.899 
480.633 211.714 
402.863 190.203 
410.768 183.79 
420.674 184.047 
429.943 187.652 
438.464 193.554 
451.504 195.109 
459.109 191.304 
467.234 189.604 
474.833 191.137 
479.288 199.022 
443.814 205.655 
443.514 215.967 
443.215 226.231 
442.721 236.61 
430.153 241.257 
434.979 243.029 
439.972 245.288 
444.763 245.164 
449.004 244.722 
411.684 201.838 
417.097 199.316 
423.225 200.354 
428 205.757 
422.279 207.189 
415.952 206.41 
453.15 208.99 
458.545 203.902 
464.756 204.273 
469.346 207.998 
464.728 211.366 
458.468 211.149 
422.66 261.987 
428.137 256.529 
433.948 254.1 
437.792 256.527 
441.609 256.118 
446.674 261.125 
450.962 268.349 
445.465 272.206 
440.011 272.588 
435.848 271.961 
431.436 270.639 
426.621 267.29 
425.342 261.806 
433.143 260.57 
437.198 262.37 
440.978 262.862 
448.202 267.468 
440.631 262.795 
436.832 262.558 
432.723 261.022 

