340.997 161.584 
345.594 183.95 
350.604 205.248 
356.484 225.528 
365.866 242.831 
380.014 254.126 
398.358 259.392 
417.905 261.459 
436.627 259.674 
452.948 255.625 
465.711 247.166 
476.773 234.841 
483.23 218.555 
485.089 199.713 
484.839 180.396 
484.381 161.105 
482.898 142.07 
357.433 143.957 
367.625 131.178 
381.591 124.45 
397.385 122.315 
412.491 124.691 
429.024 121.9 
441.365 116.672 
454.31 114.788 
466.604 117.297 
475.659 126.877 
423.774 133.064 
426.294 144.72 
428.937 156.381 
431.747 168.879 
415.147 185.262 
423.191 184.99 
431.384 185.43 
438.1 182.719 
443.97 180.607 
375.186 145.225 
383.53 140.059 
392.02 138.415 
400.53 142.752 
392.549 144.577 
384.005 145.746 
441.305 138.255 
448.698 131.752 
456.631 130.786 
464.141 134.366 
457.579 136.401 
449.655 137.675 
399.398 215.315 
413.916 207.907 
425.317 202.465 
433.132 202.961 
440.238 199.943 
449.88 202.039 
460.179 206.807 
451.721 211.64 
442.777 213.975 
435.263 215.602 
427.288 216.609 
414.948 217.514 
404.258 214.394 
425.672 208.304 
433.631 207.992 
441.028 205.86 
456.405 206.69 
441.785 205.521 
434.327 207.287 
426.369 208.152 

