85.7668 186.706 
90.4847 216.748 
96.2765 245.681 
103.385 271.916 
115.427 293.47 
132.163 308.79 
150.676 319.076 
167.823 328.189 
187.239 330.368 
206.729 327.934 
224.955 319.677 
242.788 308.193 
257.456 289.759 
267.504 265.702 
272.968 237.77 
276.929 208.093 
279.643 176.869 
94.6728 182.669 
107.267 170.352 
124.711 168.694 
142.842 171.309 
160.698 177.304 
190.393 175.333 
209.063 168.028 
228.12 163.543 
246.867 163.998 
262.557 175.033 
177.132 208.033 
177.431 223.816 
177.59 239.007 
177.739 254.593 
161.305 267.588 
170.492 269.114 
179.463 270.584 
188.78 268.41 
198.28 266.691 
115.4 206.334 
127.104 199.955 
141.598 200.748 
153 213.473 
140.363 219.097 
125.647 217.438 
204.419 212.136 
215.058 198.61 
229.441 196.802 
241.922 202.227 
231.797 214.122 
217.175 216.846 
156.108 290.877 
166.461 288.11 
174.95 285.971 
181.067 288.127 
187.334 285.562 
197.771 287.217 
211.361 289.306 
199.279 296.746 
189.758 299.483 
182.976 300.147 
176.261 299.532 
167.558 296.799 
160.13 290.216 
174.958 291.515 
181.323 293.258 
188.023 291.481 
207.081 288.894 
188.709 291.692 
182.144 292.83 
175.68 291.464 

