109.425 181.134 
103.407 205.5 
101.218 230.108 
102.4 255.142 
105.351 279.406 
112.168 302.098 
121.207 320.832 
132.276 335.617 
148.879 344.578 
170.834 349.262 
197.128 347.847 
223.424 340.834 
246.711 327.877 
264.501 307.283 
276.515 280.299 
285.664 250.532 
293.121 219.93 
112.426 154.933 
120.803 144.646 
133.06 142.622 
145.471 146.242 
156.791 155.725 
188.494 160.143 
208.144 156.48 
228.534 158.556 
247.164 167.947 
260.997 184.388 
166.33 185.034 
160.717 198.429 
154.506 211.357 
148.083 224.766 
138.579 243.458 
144.184 246.989 
150.463 250.152 
160.023 250.025 
170.379 250.318 
122.087 180.279 
131.366 173.133 
143.193 175.611 
151.159 190.357 
139.933 189.868 
128.549 186.943 
197.531 197.592 
211.428 186.664 
224.998 188.732 
236.314 200.287 
223.836 203.376 
209.968 201.333 
124.491 277.551 
133.138 269.239 
142.073 264.24 
149.028 267.65 
157.43 266.651 
173.434 276.061 
193.031 289.458 
172.768 296.034 
156.394 297.202 
147.456 295.717 
139.664 293.09 
132.18 287.801 
130.07 278.419 
141.237 277.738 
148.405 279.139 
156.878 280.163 
186.841 287.803 
157.117 282.526 
148.875 280.997 
141.537 278.891 

