164.569 275.27 
169.699 319.285 
176.492 360.581 
183.41 400.907 
195.993 437.284 
217.833 466.74 
247.98 485.969 
280.763 503.118 
314.95 507.292 
347.423 500.389 
375.087 480.69 
399.252 457.376 
415.679 425.693 
423.348 387.27 
426.219 346.825 
428.813 306.591 
429.462 264.99 
191.148 270.73 
211.291 255.143 
236.963 254.21 
262.375 260.975 
285.978 271.885 
324.632 271.261 
345.04 259.682 
367.737 251.309 
391.615 247.852 
410.625 261.097 
307.474 287.332 
308.916 315.694 
310.512 343.485 
312.063 372.26 
283.032 383.284 
296.643 389.113 
311.871 393.686 
325.546 388.176 
337.338 381.299 
220.206 287.648 
235.516 284.747 
250.105 285.315 
265.907 292.608 
249.606 293.919 
234.621 293.431 
341.978 290.168 
356.648 281.704 
370.847 280.419 
386.303 282.05 
372.365 288.889 
357.733 290.24 
261.96 427.048 
281.648 421.618 
298.705 417.719 
312.391 421.289 
325.106 416.364 
340.644 418.538 
357.462 421.947 
342.826 436.099 
327.393 442.855 
313.89 445.238 
299.629 444.536 
281.76 439.691 
269.102 427.38 
298.48 427.132 
312.666 428.851 
325.798 425.801 
350.778 422.754 
326.39 425.845 
313.345 428.646 
299.273 427.728 

