204.961 194.592 
211.597 225.05 
220.169 254.379 
229.891 280.994 
243.383 306.123 
261.802 324.786 
283.769 339.029 
306.307 350.462 
329.323 349.941 
350.32 342.007 
368.367 324.879 
383.605 303.251 
395.202 275.813 
400.552 244.804 
400.571 212.669 
398.28 178.804 
394.071 145.26 
214.925 177.538 
223.845 161.579 
238.349 154.085 
254.771 151.871 
270.47 155.168 
303.74 149.273 
319.94 139.739 
337.261 135.516 
355.386 138.521 
370.173 150.265 
293.831 176.142 
297.772 197.413 
301.49 219.229 
305.761 240.999 
290.714 252.041 
299.66 254.965 
309.245 256.517 
317.384 250.742 
323.878 245.141 
238.101 188.791 
247.601 179.644 
260.092 176.82 
270.785 185.417 
261.085 190.996 
248.831 193.26 
319.538 177.579 
329.224 166.002 
341.323 163.125 
351.874 168.899 
343.919 176.856 
331.985 179.344 
282.5 287.666 
292.359 280.488 
302.243 275.9 
311.104 277.218 
320.226 273.206 
332.058 273.016 
345.844 274.471 
335.8 287.215 
324.896 293.479 
315.372 295.872 
306.393 296.282 
294.731 295.095 
287.062 287.452 
303.343 284.037 
312.35 284.362 
321.676 281.447 
341.25 276.162 
322.631 279.842 
313.418 282.814 
304.602 282.776 

